id,price
1,54723.71
2,63603.38
3,23460.68
4,2398.56
5,5628.37
6,6516.15
7,3825.2
8,13349.25
9,4581.78
10,18285.24
11,4474.94
12,4787.88
13,4456.76
14,51874.12
15,40556.76
16,54687.0
17,54291.8
18,6513.21
19,65367.1
20,7452.967142857143
21,7216.34
22,65820.2
23,45523.86
24,5848.58
25,5176.63
26,4562.89
27,6031.66
28,5830.76
29,4038.07
30,6689.53
31,6037.56
32,66361.27
33,60410.57
34,53320.14
35,9973.88
36,5618.95
37,4971.2
38,46452.2
39,5596.79
40,2201.12
41,10161.58
42,78455.01
43,5210.21
44,3927.59
45,13973.4
46,2980.79
47,5861.1
48,12804.07
49,63077.28
50,5626.71
51,5552.71
52,3139.3
53,6637.04
54,4029.18
55,7017.85
56,3089.64
57,4091.3
58,38501.41
59,3252.29
60,65947.75
61,11446.42
62,44829.28
63,6990.21
64,10306.75
65,56400.57
66,58863.67
67,45593.45
68,12246.72
69,47736.78
70,45169.64
71,5920.73
72,6700.56
73,10099.56
74,8091.96
75,12616.68
76,6491.0
77,6394.36
78,3380.72
79,64039.63
80,13216.62
81,5133.65
82,6540.08
83,7251.09
84,6174.47
85,34292.56
86,60332.98
87,4936.87
88,14648.16
89,59890.36
90,4338.59
91,4647.74
92,62766.76
93,58404.33
94,83523.8
95,42784.27
96,8921.23
97,5982.39
98,17261.62
99,6358.5
100,67345.0
101,4833.59
102,8077.21
103,7889.65
104,2413.74
105,6204.39
106,9205.12
107,55713.64
108,56071.53
109,41466.25
110,2410.0
111,42988.57
112,52311.75
113,8577.37
114,2810.94
115,4202.97
116,3033.1
117,5713.54
118,3376.73
119,6019.59
120,15545.89
121,57754.57
122,14580.19
123,6146.87
124,45744.75
125,5588.52
126,6691.13
127,6773.72
128,12096.58
129,64519.12
130,3697.79
131,6552.16
132,53814.92
133,5678.5
134,6260.5
135,4763.5
136,48933.64
137,4796.2
138,7944.49
139,4024.46
140,4869.34
141,3472.53
142,51481.44
143,8920.96
144,1712.89
145,54526.69
146,2919.42
147,6330.71
148,14215.34
149,5504.24
150,4809.67
151,7784.51
152,64852.57
153,7644.17
154,6872.16
155,61781.23
156,6360.47
157,6460.64
158,5281.18
159,6529.19
160,4610.66
161,54878.35
162,6789.03
163,68961.32
164,8301.63
165,59120.85
166,35119.14
167,60584.46
168,4373.29
169,11255.51
170,50051.99
171,1910.24
172,7111.11
173,53393.58
174,55689.82
175,5561.24
176,67037.81
177,4019.42
178,4227.41
179,5905.8
180,75130.69
181,29320.04
182,7449.62
183,12952.74
184,6234.43
185,24210.3
186,6868.32
187,8711.39
188,53399.2
189,14129.25
190,5618.5
191,58956.65
192,3349.08
193,56992.77
194,7629.84
195,4594.92
196,6388.8
197,2559.27
198,15072.18
199,10026.39
200,65242.75
201,71036.75
202,13012.98
203,3782.48
204,7367.97
205,62058.41
206,62117.31
207,4551.48
208,45184.49
209,50296.64
210,8599.71
211,60184.53
212,41281.0
213,4701.32
214,4843.6
215,6376.95
216,49426.28
217,4970.41
218,28327.5
219,7140.88
220,3391.33
221,4003.14
222,4330.29
223,22240.02
224,54327.13
225,45953.64
226,12787.46
227,6762.65
228,9895.55
229,5224.54
230,61444.52
231,4782.98
232,7420.24
233,14404.96
234,10861.07
235,3497.77
236,5609.33
237,3574.24
238,3999.57
239,2358.41
240,11151.77
241,59709.91
242,51610.24
243,3661.41
244,60208.02
245,9259.93
246,49613.0
247,53421.0
248,5379.81
249,5000.44
250,69745.51
251,9751.15
252,5282.92
253,54431.57
254,11485.41
255,6223.95
256,72487.62
257,4605.74
258,2527.8
259,4631.47
260,56019.51
261,3517.43
262,6055.45
263,54639.87
264,4067.23
265,6642.11
266,1647.21
267,41361.76
268,48695.85
269,47872.46
270,8657.19
271,6579.48
272,7697.42
273,47383.22
274,31681.34
275,2178.7
276,9085.67
277,27775.69
278,7524.46
279,32817.67
280,6157.49
281,38099.24
282,5362.72
283,5772.9
284,6977.55
285,49797.69
286,6319.02
287,38099.0
288,5534.05
289,61114.14
290,1820.6
291,2152.74
292,6470.68
293,8312.4
294,5963.11
295,4688.66
296,3788.72
297,53692.78
298,14868.08
299,9910.27
300,5441.29
301,65735.3
302,2675.02
303,7247.26
304,10085.88
305,53155.36
306,6583.74
307,51985.3
308,5250.38
309,52120.27
310,13401.63
311,5237.04
312,54149.4
313,3968.19
314,2457.85
315,3683.2
316,34544.7
317,4694.54
318,5706.55
319,10038.896666666667
320,4275.66
321,4328.29
322,61037.93
323,5881.33
324,3823.29
325,6557.61
326,13661.8
327,6359.69
328,4798.99
329,5347.66
330,3457.44
331,10415.8
332,7885.95
333,66426.95
334,5463.4
335,6995.42
336,11423.24
337,4398.67
338,22321.08
339,13519.03
340,44340.81
341,46405.32
342,52512.31
343,3819.4
344,5882.64
345,14105.78
346,77913.55
347,3388.76
348,3447.42
349,6149.53
350,13041.56
351,4682.6
352,5967.3
353,5038.96
354,4907.89
355,4600.06
356,81203.89
357,51438.46
358,4790.18
359,4534.09
360,51663.4
361,58190.75
362,6252.6
363,51010.86
364,2472.03
365,64225.03
366,28002.83
367,3849.08
368,4326.58
369,6098.53
370,6079.71
371,10779.18
372,4039.03
373,6061.94
374,5962.7
375,12246.06
376,49615.24
377,5670.26
378,52256.2
379,4836.43
380,2129.3
381,63313.96
382,7055.89
383,6679.44
384,4392.56
385,6310.06
386,65011.48
387,64626.65
388,4473.6
389,52076.65
390,59978.6
391,58406.17
392,71461.75
393,8090.84
394,55340.27
395,72147.63
396,55624.04
397,52950.05
398,4867.23
399,7239.01
400,4043.86
401,7510.32
402,6554.85
403,8758.75
404,58841.74
405,58582.78
406,4227.36
407,5770.13
408,64707.48
409,5937.87
410,3638.2
411,6202.11
412,53538.36
413,6357.84
414,5601.35
415,5100.56
416,2489.46
417,28747.44
418,5364.98
419,56425.93
420,11280.83
421,4391.78
422,4924.11
423,4047.57
424,56998.19
425,15906.87
426,4094.83
427,3359.83
428,12401.55
429,2150.0
430,6188.57
431,49177.0
432,6520.89
433,6573.17
434,67865.95
435,2201.07
436,6345.87
437,11367.14
438,13279.65
439,6153.15
440,66556.19
441,8322.09
442,69846.18
443,4655.21
444,3776.61
445,4418.76
446,49872.32
447,53471.14
448,8194.55
449,3437.78
450,51317.51
451,50727.47
452,48042.55
453,5054.1
454,6531.46
455,6030.55
456,2103.1
457,49560.18
458,41330.36
459,10917.29
460,6880.21
461,5687.78
462,5949.0
463,4493.14
464,7635.26
465,1590.56
466,2150.0
467,6566.96
468,5522.03
469,4676.53
470,8769.61
471,9185.52
472,8203.64
473,4938.8
474,6256.01
475,4029.6
476,10453.5
477,11748.25
478,4472.87
479,14170.8975
480,27993.36
481,5949.79
482,5976.55
483,3524.51
484,3644.46
485,10785.27
486,6207.78
487,64181.71
488,4882.31
489,52624.56
490,7852.09
491,52493.44
492,5361.36
493,58555.56
494,55839.88
495,5963.09
496,34949.2
497,5763.67
498,4580.06
499,74555.59
500,44280.0
501,4480.15
502,4937.94
503,64105.35
504,44600.84
505,44783.62
506,7747.62
507,5363.69
508,32703.66
509,2631.3
510,57134.73
511,6905.85
512,6506.04
513,39459.11
514,5980.86
515,76205.31
516,68264.99
517,3317.35
518,45658.68
519,4060.12
520,5858.03
521,72077.18
522,54029.67
523,4439.1
524,4674.4
525,9849.34
526,7096.36
527,6736.34
528,3053.09
529,6153.5
530,16995.19
531,52775.29
532,4005.43
533,57513.7
534,11388.67
535,10386.98
536,58570.34
537,56549.24
538,5912.88
539,4999.61
540,3930.75
541,4937.02
542,2958.3
543,8843.43
544,54976.75
545,79707.71
546,50466.26
547,3840.66
548,6931.08
549,72894.11
550,4720.72
551,55350.6
552,5781.13
553,5827.61
554,5149.72
555,5356.7
556,5574.47
557,57039.61
558,51819.9
559,6041.01
560,43097.62
561,43566.24
562,2625.88
563,6138.55
564,3589.99
565,4008.76
566,49515.23
567,14731.62
568,9034.76
569,7638.51
570,6520.56
571,4749.36
572,17125.69
573,12217.65
574,4429.06
575,50071.29
576,4494.47
577,53008.14
578,4183.94
579,49072.15
580,65229.78
581,35718.49
582,4899.85
583,2345.85
584,2201.07
585,6597.78
586,57048.7
587,13140.69
588,71859.29
589,4394.01
590,3083.9
591,7294.75
592,61976.98
593,69694.75
594,5448.34
595,17168.06
596,71826.03
597,5610.77
598,2729.34
599,11444.5
600,44805.79
601,6385.58
602,4970.93
603,3767.53
604,5866.27
605,53238.37
606,6855.47
607,65344.57
608,35118.54
609,3952.86
610,5528.77
611,53747.7
612,4261.64
613,67361.89
614,8869.83
615,6151.58
616,6608.25
617,4233.14
618,15147.39
619,62585.64
620,52490.49
621,66588.47
622,5911.21
623,6351.02
624,11676.61
625,4174.17
626,4953.5
627,49095.32
628,56406.16
629,5553.17
630,59882.68
631,5407.08
632,72140.18
633,5065.87
634,5293.19
635,3753.29
636,3706.21
637,7751.69
638,60544.51
639,2877.23
640,53565.99
641,39499.0
642,8423.87
643,4404.28
644,3254.29
645,4081.63
646,62474.44
647,75443.85
648,3125.01
649,11547.89
650,8304.92
651,49906.73
652,4313.03
653,63970.67
654,61659.84
655,6136.31
656,6737.38
657,3096.27
658,9252.07
659,53885.76
660,6047.82
661,6239.25
662,4711.53
663,3048.56
664,14358.02
665,5604.7
666,7226.4
667,15442.74
668,4811.79
669,4081.93
670,5282.12
671,57550.66
672,11679.46
673,6031.91
674,27859.4
675,61665.25
676,61911.32
677,33157.76
678,4723.08
679,14717.85
680,7293.41
681,5484.01
682,4777.75
683,7501.45
684,7678.74
685,7546.97
686,8596.98
687,13605.34
688,5036.69
689,4898.54
690,9730.89
691,4225.43
692,56672.39
693,8039.85
694,7894.61
695,4779.77
696,6171.16
697,6435.21
698,2835.6
699,11066.18
700,4413.15
701,60417.96
702,2388.64
703,3789.36
704,6942.98
705,50235.23
706,4098.62
707,51222.08
708,3572.02
709,3178.47
710,51722.17
711,12126.32
712,57007.0
713,40014.68
714,4871.59
715,57950.1
716,5451.47
717,8173.41
718,11724.44
719,24896.92
720,6558.91
721,60945.23
722,57712.92
723,54621.74
724,10107.86
725,38948.18
726,56502.41
727,4624.68
728,3399.41
729,6161.17
730,77804.85
731,27988.32
732,5151.7
733,4781.04
734,3681.2
735,48067.02
736,5444.97
737,3647.25
738,4502.33
739,59392.3
740,55535.47
741,56171.25
742,56625.41
743,4445.9
744,63908.28
745,12804.06
746,6431.7
747,56966.5
748,8041.2
749,56010.76
750,58973.54
751,5262.82
752,6054.7
753,5421.09
754,3893.42
755,4836.16
756,58329.45
757,45883.0
758,5799.22
759,52698.22
760,4044.07
761,7895.11
762,6072.95
763,8133.03
764,7307.36
765,54896.0
766,4605.49
767,73457.47
768,6506.3
769,4986.62
770,6545.26
771,4411.44
772,52183.4
773,75827.66
774,6494.18
775,4436.12
776,42779.2
777,50721.83
778,5207.96
779,4675.93
780,2464.42
781,5333.035
782,43196.09
783,6260.07
784,23460.68
785,7184.48
786,6337.18
787,12212.16
788,4694.25
789,71711.04
790,17465.72
791,48669.2
792,31816.02
793,6429.82
794,32099.06
795,23377.92
796,64315.81
797,5811.41
798,7403.91
799,8295.32
800,1711.29
801,16503.43
802,6159.15
803,5596.51
804,52222.5
805,6284.31
806,25071.21
807,73959.1
808,12980.38
809,47382.19
810,8932.73
811,41171.36
812,6156.0
813,5022.07
814,66577.12
815,7081.02
816,8698.93
817,6183.43
818,5639.06
819,4424.36
820,62009.08
821,51196.35
822,5578.71
823,24098.74
824,52066.15
825,50707.43
826,5810.03
827,58953.3
828,2741.91
829,56016.06
830,6126.91
831,10535.75
832,3787.95
833,61186.67
834,65200.66
835,6158.18
836,4466.82
837,44027.78
838,15811.43
839,5461.12
840,11263.92
841,61243.43
842,48686.57
843,2650.96
844,23950.98
845,6070.72
846,67301.7
847,43376.0
848,9289.08
849,5268.38
850,14281.98
851,4045.03
852,7457.84
853,4013.19
854,44430.74
855,18781.13
856,4657.29
857,54684.0
858,4817.51
859,6201.81
860,8130.25
861,4479.46
862,2943.32
863,55122.4
864,5932.82
865,2594.03
866,12150.36
867,60233.3
868,2124.08
869,3902.5
870,67746.92
871,5185.38
872,18203.36
873,45279.3
874,8037.79
875,65358.22
876,6245.41
877,3379.0
878,46972.96
879,4039.51
880,62305.61
881,4617.44
882,4475.3
883,8989.48
884,4229.63
885,6631.48
886,6336.12
887,4035.31
888,53043.49
889,39554.98
890,2221.73
891,5640.94
892,2233.19
893,3249.55
894,62609.84
895,9749.79
896,63782.41
897,5236.9
898,60283.21
899,6500.94
900,5521.41
901,53631.48
902,42234.27
903,9710.12
904,4881.5
905,6471.65
906,6445.28
907,52765.24
908,62186.82
909,6528.08
910,6352.26
911,6207.62
912,4806.15
913,61929.18
914,4447.76
915,5729.63
916,54777.0
917,6015.5
918,33593.87
919,3377.14
920,11928.46
921,58096.0
922,12961.42
923,56795.72
924,4783.6
925,54687.14
926,4339.03
927,66477.42
928,5513.68
929,28327.5
930,13362.5
931,10472.5
932,3959.57
933,49209.15
934,4530.05
935,4953.01
936,4587.51
937,5127.79
938,48451.87
939,13536.52
940,5837.71
941,5698.46
942,67155.98
943,5713.29
944,5258.14
945,2370.03
946,7559.9
947,58081.6
948,2063.11
949,64539.48
950,62032.47
951,44252.48
952,53058.27
953,2236.56
954,13300.2
955,3827.08
956,54255.2
957,6333.84
958,7664.81
959,2958.47
960,67638.07
961,52543.93
962,5482.53
963,11782.07
964,3821.7
965,5608.06
966,6232.72
967,66361.25
968,11918.61
969,4692.52
970,3764.19
971,7140.3
972,60265.55
973,4124.61
974,51329.16
975,60128.13
976,60695.06
977,4383.46
978,71932.46
979,5873.84
980,5915.23
981,10495.82
982,60314.91
983,6024.14
984,5652.22
985,5524.39
986,7090.66
987,13124.97
988,5703.8
989,3358.76
990,6484.81
991,52895.16
992,61321.19
993,7226.06
994,52228.92
995,12686.0
996,4063.74
997,5303.2
998,6642.74
999,7304.25
1000,4226.07
1001,3629.72
1002,10660.25
1003,60508.0
1004,3519.63
1005,12963.64
1006,12226.35
1007,3817.64
1008,3860.03
1009,19734.32
1010,2625.54
1011,31209.79
1012,50016.2
1013,4402.24
1014,58593.96
1015,64745.88
1016,38798.18
1017,41057.18
1018,11033.14
1019,8964.56
1020,2974.38
1021,11943.86
1022,4893.95
1023,3321.79
1024,55115.23
1025,12447.02
1026,58120.45
1027,4114.84
1028,49404.36
1029,5065.42
1030,54684.0
1031,4801.79
1032,3150.22
1033,42607.14
1034,7540.17
1035,5487.04
1036,28742.4
1037,5351.59
1038,43910.25
1039,4470.69
1040,3130.05
1041,60405.7
1042,33188.86
1043,9535.55
1044,6277.07
1045,5354.17
1046,62181.76
1047,36969.21
1048,4461.45
1049,6478.41
1050,2112.77
1051,2921.12
1052,5254.59
1053,5829.8
1054,60384.31
1055,3023.16
1056,6498.01
1057,8284.06
1058,8064.64
1059,7668.9
1060,3160.48
1061,65931.26
1062,49694.76
1063,4202.21
1064,7942.2
1065,10850.06
1066,5056.62
1067,17326.77
1068,20665.93
1069,38033.88
1070,1781.84
1071,4663.28
1072,42348.72
1073,58929.55
1074,16502.49
1075,12280.49
1076,5768.88
1077,6770.52
1078,4636.8
1079,19249.09
1080,4185.78
1081,42064.58
1082,4095.3
1083,5383.79
1084,13140.86
1085,4548.82
1086,6386.88
1087,9737.29
1088,6650.51
1089,14805.63
1090,6050.5
1091,6401.24
1092,12757.8
1093,6277.87
1094,5970.46
1095,8510.13
1096,50004.73
1097,64336.39
1098,4920.21
1099,5740.5
1100,44227.87
1101,3272.07
1102,16930.66
1103,4140.32
1104,61798.66
1105,2771.18
1106,8653.97
1107,5451.35
1108,7999.9
1109,57895.55
1110,2375.07
1111,12471.62
1112,54226.35
1113,6298.3
1114,51633.34
1115,11728.34
1116,4228.87
1117,61674.53
1118,44144.0
1119,6509.5
1120,4059.32
1121,3626.61
1122,2153.35
1123,5563.7
1124,4511.69
1125,53241.4
1126,6566.93
1127,5000.43
1128,48061.37
1129,5825.91
1130,4732.13
1131,11735.22
1132,6337.58
1133,67249.36
1134,5896.23
1135,5724.62
1136,5112.66
1137,7229.67
1138,28260.47
1139,5821.39
1140,3546.37
1141,4918.17
1142,6178.17
1143,2397.5
1144,6628.79
1145,44144.0
1146,60174.16
1147,12425.47
1148,41101.0
1149,8832.32
1150,2917.11
1151,4492.52
1152,12243.42
1153,4477.46
1154,7930.69
1155,14344.82
1156,6380.56
1157,4790.01
1158,45679.11
1159,5727.64
1160,2927.81
1161,5503.79
1162,6358.92
1163,5832.06
1164,75373.93
1165,5417.95
1166,47664.47
1167,7047.92
1168,5848.72
1169,12778.69
1170,4480.6
1171,5945.86
1172,35859.29
1173,2816.22
1174,6913.95
1175,2895.46
1176,4396.81
1177,2123.74
1178,4689.2
1179,14767.63
1180,4382.99
1181,5054.12
1182,5897.47
1183,39456.59
1184,57499.06
1185,19867.38
1186,6573.01
1187,56576.28
1188,2740.09
1189,5960.74
1190,14587.82
1191,68827.96
1192,56304.18
1193,16894.482
1194,4670.83
1195,2773.36
1196,13707.34
1197,72964.06
1198,13807.56
1199,5546.66
1200,6015.29
1201,11776.35
1202,22074.84
1203,5796.6
1204,53003.75
1205,6038.05
1206,15523.67
1207,4513.89
1208,5910.04
1209,8142.91
1210,5138.22
1211,57203.13
1212,57806.78
1213,3912.77
1214,5292.14
1215,4420.86
1216,17573.66
1217,3616.9
1218,2802.69
1219,61781.78
1220,28944.67
1221,73124.33
1222,3968.52
1223,4205.08
1224,48218.21
1225,51817.0
1226,4409.57
1227,5529.3
1228,4480.75
1229,9885.86
1230,50114.35
1231,4531.07
1232,5079.47
1233,4197.82
1234,5785.86
1235,60524.04
1236,5408.02
1237,63936.82
1238,4164.97
1239,8732.08
1240,11614.76
1241,51769.83
1242,6293.86
1243,57959.85
1244,5722.74
1245,6251.36
1246,6117.71
1247,5524.7
1248,4799.21
1249,6579.26
1250,7242.2
1251,4438.38
1252,56576.42
1253,59018.91
1254,2369.52
1255,3799.85
1256,55251.42
1257,5805.0
1258,5346.16
1259,5521.18
1260,12039.22
1261,3595.48
1262,10271.38
1263,13016.427
1264,39533.7
1265,4296.07
1266,34438.28
1267,4842.47
1268,7150.92
1269,7389.62
1270,62769.3
1271,6849.04
1272,5015.23
1273,17937.042666666668
1274,10748.75
1275,6496.51
1276,4369.08
1277,76553.24
1278,11222.31
1279,12547.52
1280,72155.17
1281,23879.08
1282,58753.02
1283,4509.48
1284,5766.0
1285,3811.66
1286,55694.97
1287,7010.83
1288,76322.33
1289,5057.89
1290,8883.2
1291,6055.42
1292,52344.96
1293,10446.21
1294,12104.5
1295,5415.19
1296,52881.95
1297,4920.71
1298,11017.52
1299,12439.25
1300,8936.76
1301,6705.48
1302,54017.07
1303,2375.32
1304,4040.38
1305,6835.89
1306,4464.04
1307,5283.34
1308,7104.72
1309,53984.6
1310,78081.07
1311,6185.99
1312,13903.87
1313,50329.96
1314,37985.0
1315,10381.43
1316,13670.11
1317,5440.83
1318,5853.53
1319,2475.3
1320,23387.48
1321,6030.12
1322,7734.02
1323,2124.0
1324,6163.66
1325,49962.25
1326,3310.93
1327,6080.95
1328,66716.14
1329,4899.24
1330,6980.95
1331,7261.37
1332,12079.27
1333,2041.15
1334,13046.66
1335,8025.84
1336,6699.75
1337,39426.51
1338,7101.8
1339,5514.46
1340,10044.73
1341,9696.54
1342,2350.01
1343,2412.08
1344,7953.54
1345,2120.52
1346,67345.76
1347,4607.95
1348,47809.7
1349,5864.17
1350,6225.79
1351,12117.09
1352,10038.57
1353,11310.45
1354,4443.38
1355,10769.33
1356,42194.97
1357,29320.04
1358,10174.61
1359,8327.76
1360,13296.61
1361,4419.98
1362,43832.52
1363,8695.0
1364,10245.27
1365,44280.0
1366,67642.51
1367,11902.2
1368,6768.41
1369,51817.0
1370,60633.94
1371,4206.68
1372,21436.32
1373,6458.27
1374,45672.0
1375,4628.44
1376,9667.8
1377,5225.52
1378,4044.85
1379,4703.8
1380,54654.01
1381,4743.45
1382,71590.98
1383,51607.7
1384,41414.62
1385,6024.47
1386,4267.19
1387,3227.43
1388,5994.23
1389,57786.45
1390,5550.28
1391,46699.38
1392,2124.22
1393,49868.73
1394,51775.4
1395,2644.32
1396,4897.48
1397,6585.32
1398,54608.0
1399,35254.13
1400,67674.12
1401,9709.24
1402,57502.9
1403,6519.09
1404,2411.92
1405,33309.96
1406,9242.97
1407,76666.62
1408,11105.37
1409,4021.88
1410,45693.0
1411,10505.8
1412,6733.9
1413,66301.91
1414,13476.52
1415,54755.38
1416,5720.73
1417,6072.82
1418,2150.0
1419,4891.65
1420,5102.11
1421,49379.43
1422,4258.16
1423,39782.52
1424,5992.1
1425,49795.17
1426,4422.8
1427,8370.58
1428,44144.0
1429,2261.86
1430,3666.13
1431,45502.21
1432,59098.95
1433,3425.27
1434,2092.15
1435,3039.57
1436,71480.86
1437,7275.01
1438,29592.96
1439,60545.4
1440,45051.0
1441,7257.47
1442,63769.86
1443,51715.63
1444,7814.33
1445,64213.21
1446,52500.04
1447,10423.92
1448,42133.24
1449,2985.54
1450,65128.7
1451,3750.22
1452,49659.05
1453,5218.79
1454,6883.19
1455,4517.73
1456,41196.51
1457,51895.5
1458,6553.49
1459,2959.47
1460,3644.08
1461,13524.03
1462,5991.5
1463,48746.2
1464,2970.65
1465,2949.47
1466,2434.0
1467,46084.14
1468,44280.0
1469,53098.71
1470,3578.32
1471,14150.4
1472,16129.96
1473,3640.52
1474,56240.84
1475,3924.31
1476,13173.3
1477,44370.24
1478,4877.96
1479,7241.69
1480,14044.57
1481,42448.81
1482,41817.58
1483,4064.25
1484,4717.19
1485,6661.54
1486,12260.81
1487,7213.55
1488,39575.42
1489,6661.3
1490,8824.93
1491,8184.68
1492,45795.92
1493,52657.42
1494,9964.35
1495,53942.25
1496,60744.9
1497,2619.79
1498,7574.62
1499,4729.29
1500,6129.2
1501,8037.38
1502,12905.74
1503,4480.33
1504,14194.26
1505,4670.53
1506,72945.41
1507,3762.66
1508,71727.22
1509,44770.05
1510,60996.03
1511,6886.65
1512,59734.94
1513,49177.0
1514,6131.8
1515,42775.86
1516,38590.12
1517,4805.12
1518,5744.35
1519,71899.04
1520,5394.49
1521,4580.76
1522,3311.16
1523,5921.09
1524,58008.99
1525,9756.37
1526,11383.79
1527,12412.31
1528,38389.31
1529,6128.9
1530,7726.62
1531,46317.98
1532,6727.08
1533,39849.76
1534,7911.98
1535,8118.61
1536,41338.64
1537,11742.71
1538,13619.75
1539,4020.4
1540,5668.94
1541,7014.97
1542,59975.85
1543,7902.67
1544,42508.12
1545,27954.41
1546,54684.0
1547,24605.03
1548,11324.7
1549,5499.69
1550,39488.69
1551,5927.87
1552,8079.31
1553,76308.37
1554,7457.08
1555,4736.85
1556,4822.73
1557,8434.53
1558,33441.76
1559,10356.31
1560,83617.88
1561,7270.14
1562,6255.83
1563,59199.75
1564,68291.44
1565,6641.33
1566,7228.04
1567,6020.4
1568,7621.68
1569,54967.2
1570,3755.91
1571,8024.92
1572,4420.54
1573,3403.45
1574,16619.09
1575,57279.31
1576,14665.58
1577,7698.78
1578,55260.52
1579,5304.25
1580,6454.76
1581,51348.36
1582,2485.92
1583,67673.56
1584,4361.05
1585,5126.39
1586,12370.02
1587,4290.85
1588,5339.61
1589,45387.14
1590,73188.98
1591,51345.0
1592,5528.73
1593,7359.82
1594,1889.45
1595,8181.61
1596,3050.95
1597,6000.23
1598,22152.0
1599,5433.11
1600,53622.65
1601,10650.43
1602,11307.97
1603,5783.98
1604,9759.99
1605,7583.82
1606,59960.7
1607,3486.6
1608,8906.09
1609,4778.02
1610,59528.73
1611,3999.36
1612,5503.47
1613,5276.78
1614,4530.83
1615,51458.29
1616,38559.5
1617,50959.07
1618,4692.87
1619,6332.09
1620,56601.98
1621,65779.02
1622,4840.76
1623,4288.34
1624,4420.07
1625,5315.14
1626,6849.43
1627,68819.2
1628,8744.24
1629,44462.84
1630,53005.63
1631,9402.35
1632,5210.95
1633,7577.73
1634,5233.54
1635,8253.18
1636,7451.57
1637,11872.35
1638,9870.13
1639,5479.67
1640,5895.59
1641,70589.11
1642,14342.7
1643,13414.19
1644,7089.76
1645,60503.29
1646,6367.62
1647,62053.6
1648,44144.0
1649,6129.77
1650,14624.94
1651,58959.13
1652,11553.19
1653,56970.12
1654,2378.85
1655,16087.27
1656,5079.37
1657,5699.04
1658,57237.67
1659,4310.41
1660,6300.46
1661,53381.58
1662,5538.81
1663,5398.96
1664,56239.9
1665,5499.2
1666,2756.08
1667,11109.36
1668,7722.82
1669,5025.58
1670,51952.47
1671,56592.02
1672,5309.44
1673,3832.78
1674,13856.26
1675,33891.07
1676,60555.71
1677,1955.61
1678,57452.01
1679,5444.49
1680,59355.37
1681,4960.86
1682,55660.84
1683,4755.7
1684,4652.62
1685,4052.23
1686,2481.12
1687,3421.9
1688,5627.13
1689,1781.84
1690,1590.56
1691,5752.3
1692,5549.67
1693,4897.28
1694,57463.55
1695,2410.46
1696,3507.59
1697,6649.01
1698,4183.36
1699,54339.44
1700,6872.03
1701,5553.69
1702,6071.43
1703,5680.24
1704,2734.68
1705,8660.85
1706,6426.0
1707,6250.49
1708,4585.37
1709,7887.52
1710,5443.56
1711,7247.4
1712,14417.69
1713,6176.68
1714,6224.8625
1715,44564.88
1716,4671.17
1717,4461.75
1718,9470.86
1719,2243.75
1720,54509.22
1721,22229.38
1722,5991.31
1723,5960.65
1724,7834.55
1725,67923.01
1726,51181.14
1727,6206.64
1728,57725.05
1729,5148.71
1730,4479.35
1731,59245.22
1732,5885.49
1733,19489.89
1734,5434.36
1735,5879.88
1736,38711.19
1737,49277.47
1738,12380.81
1739,2941.01
1740,5712.81
1741,6123.77
1742,1613.92
1743,2131.9
1744,7275.43
1745,5523.32
1746,2848.88
1747,15811.56
1748,5152.13
1749,50340.35
1750,5778.5
1751,54270.14
1752,9735.27
1753,4576.39
1754,69165.44
1755,6095.85
1756,40487.21
1757,52253.81
1758,8303.42
1759,62204.41
1760,26361.96
1761,60163.12
1762,8856.35
1763,5278.47
1764,2184.5
1765,6806.64
1766,2197.25
1767,4783.16
1768,5365.2
1769,9482.28
1770,6712.54
1771,5179.99
1772,13465.1
1773,56447.95
1774,3393.06
1775,59898.74
1776,6484.95
1777,4993.92
1778,7887.06
1779,1105.0
1780,57085.43
1781,10175.69
1782,4478.82
1783,73519.63
1784,5799.92
1785,41314.0
1786,6424.81
1787,7030.5
1788,13354.13
1789,6774.09
1790,2413.16
1791,4372.06
1792,15527.91
1793,4241.84
1794,8836.21
1795,10049.34
1796,6218.78
1797,5988.95
1798,64940.02
1799,1892.82
1800,4650.87
1801,4722.23
1802,5580.59
1803,2306.48
1804,63220.69
1805,13376.44
1806,2962.02
1807,6686.6
1808,5324.77
1809,6120.94
1810,72764.94
1811,5557.89
1812,4751.1
1813,80669.53
1814,6462.57
1815,7786.63
1816,5761.88
1817,65216.08
1818,5361.07
1819,1973.6
1820,5876.11
1821,9455.15
1822,52648.6
1823,25004.02
1824,7800.82
1825,13205.56
1826,7245.97
1827,14434.27
1828,54608.0
1829,15797.53
1830,6369.02
1831,22153.44
1832,38938.32
1833,4151.88
1834,4989.12
1835,27988.32
1836,2224.7
1837,6487.67
1838,5209.8
1839,12357.35
1840,70970.08
1841,4869.59
1842,63083.25
1843,57672.12
1844,14933.63
1845,18157.79
1846,6393.4
1847,5261.14
1848,6095.99
1849,8445.03
1850,5283.39
1851,10254.84
1852,6220.88
1853,4633.86
1854,11851.58
1855,6658.75
1856,5291.43
1857,55787.4
1858,10165.38
1859,6215.09
1860,8436.04
1861,5538.94
1862,54240.0
1863,4519.95
1864,2901.8
1865,62544.41
1866,17161.03
1867,5499.46
1868,4921.81
1869,4486.32
1870,6915.54
1871,3508.73
1872,70161.34
1873,9809.86
1874,6702.04
1875,5388.82
1876,6876.3
1877,14070.92
1878,46343.79
1879,4839.66
1880,2424.27
1881,14073.48
1882,11704.39
1883,10115.66
1884,5949.0
1885,2539.81
1886,2494.14
1887,54315.72
1888,6390.76
1889,4498.79
1890,56995.59
1891,6280.91
1892,5681.52
1893,4237.65
1894,5450.54
1895,6059.86
1896,54684.0
1897,8761.21
1898,2004.1
1899,4428.1
1900,9345.71
1901,4516.51
1902,5058.27
1903,6096.66
1904,5077.67
1905,14452.71
1906,37985.0
1907,1804.12
1908,5455.91
1909,5861.38
1910,3391.76
1911,9980.33
1912,7505.38
1913,4317.28
1914,16254.72
1915,6707.48
1916,6328.92
1917,41507.42
1918,6778.71
1919,5125.03
1920,5933.35
1921,6130.5
1922,72889.23
1923,2225.66
1924,62569.09
1925,5203.57
1926,3651.35
1927,56476.0
1928,6662.4
1929,5319.28
1930,2237.27
1931,7656.65
1932,7033.92
1933,11760.53
1934,13534.02
1935,3461.82
1936,52273.52
1937,9051.73
1938,6617.39
1939,4890.25
1940,2660.73
1941,52254.68
1942,11735.535
1943,6132.64
1944,5979.54
1945,52823.28
1946,3575.01
1947,12889.44
1948,4925.48
1949,5263.53
1950,10384.06
1951,1823.27
1952,7596.61
1953,49992.32
1954,9654.2
1955,60022.41
1956,15572.04
1957,5173.14
1958,46911.31
1959,4625.44
1960,4822.23
1961,51705.88
1962,7445.16
1963,41269.39
1964,54158.35
1965,3518.03
1966,33330.26
1967,12372.12
1968,2929.69
1969,17100.4
1970,5349.17
1971,4864.72
1972,2029.95
1973,39602.85
1974,3745.38
1975,13716.55
1976,3941.88
1977,5852.77
1978,58255.12
1979,4211.81
1980,5480.3
1981,4872.84
1982,62592.14
1983,41197.4
1984,4324.81
1985,65564.64
1986,56185.75
1987,9904.52
1988,51341.55
1989,57339.22
1990,51237.48
1991,6042.58
1992,5707.19
1993,4661.47
1994,3566.64
1995,2157.54
1996,1764.67
1997,13168.86
1998,4751.91
1999,1887.31
2000,6751.5
2001,65525.74
2002,4245.37
2003,4255.1
2004,67999.17
2005,2348.86
2006,7000.04
2007,46749.95
2008,34314.96
2009,62422.78
2010,12377.49
2011,4512.19
2012,6272.04
2013,4940.82
2014,14155.0
2015,12109.65
2016,11771.83
2017,10804.72
2018,8701.41
2019,10610.64
2020,4115.7
2021,8348.32
2022,7104.16
2023,5887.27
2024,9556.74
2025,13697.07
2026,8211.93
2027,3318.8
2028,5886.18
2029,6689.7
2030,4008.92
2031,16365.64
2032,42505.72
2033,3112.77
2034,31869.44
2035,40932.16
2036,7061.25
2037,3211.79
2038,51104.39
2039,66850.29
2040,54865.23
2041,62863.38
2042,6427.77
2043,4814.58
2044,7553.05
2045,50257.0
2046,48134.19
2047,39459.21
2048,4488.72
2049,5698.58
2050,5293.44
2051,2295.6
2052,40270.6
2053,57089.5
2054,6520.66
2055,61681.82
2056,45107.66
2057,61477.18
2058,7235.53
2059,3532.67
2060,4467.79
2061,62575.46
2062,4931.16
2063,5860.36
2064,5374.13
2065,6240.92
2066,5873.03
2067,6741.93
2068,7481.63
2069,7605.88
2070,4345.47
2071,2317.17
2072,62177.27
2073,4517.28
2074,6115.67
2075,63951.01
2076,13110.95
2077,1657.14
2078,7658.68
2079,6150.23
2080,4137.13
2081,51491.72
2082,5440.8
2083,5313.26
2084,1738.52
2085,49725.0
2086,5630.06
2087,65997.57
2088,74763.38
2089,4282.03
2090,4151.53
2091,11479.66
2092,5391.68
2093,3720.16
2094,62447.17
2095,13709.49
2096,56851.6
2097,12091.63
2098,5959.06
2099,57148.86
2100,8363.96
2101,8097.1
2102,3402.06
2103,69531.08
2104,63904.06
2105,49725.0
2106,5470.49
2107,7709.96
2108,3515.82
2109,11350.74
2110,55005.1
2111,4398.53
2112,7555.07
2113,3714.09
2114,53950.73
2115,6568.0
2116,40563.99
2117,5925.75
2118,4684.72
2119,46148.84
2120,5177.81
2121,44434.52
2122,6230.29
2123,49741.46
2124,7466.05
2125,63292.84
2126,3073.01
2127,47977.78
2128,3582.62
2129,60827.47
2130,5060.96
2131,51943.82
2132,58860.84
2133,3517.64
2134,6148.11
2135,2970.86
2136,3368.7
2137,5886.0
2138,53813.39
2139,5345.14
2140,8704.34
2141,5000.41
2142,56402.62
2143,7472.88
2144,55281.13
2145,4275.66
2146,4995.99
2147,4889.15
2148,4485.92
2149,8413.85
2150,6427.46
2151,6117.27
2152,7729.6
2153,44698.28
2154,51065.3
2155,32691.57
2156,5197.95
2157,13420.79
2158,15348.835
2159,10049.96
2160,7475.77
2161,51707.0
2162,5373.6
2163,59592.36
2164,6829.91
2165,7655.28
2166,4358.76
2167,52647.93
2168,58873.28
2169,5736.95
2170,5848.17
2171,51512.8
2172,4071.58
2173,4693.18
2174,3025.32
2175,5425.62
2176,38291.79
2177,50263.82
2178,56818.78
2179,7636.86
2180,64421.86
2181,3151.59
2182,41710.63
2183,41319.63
2184,4969.44
2185,6713.25
2186,9140.14
2187,14530.14
2188,9460.74
2189,6063.66
2190,10625.7
2191,41314.0
2192,6435.67
2193,6464.98
2194,2203.0
2195,4815.73
2196,61463.83
2197,62448.0
2198,55727.3
2199,3317.71
2200,5100.03
2201,5526.93
2202,5530.92
2203,7071.64
2204,8380.21
2205,4804.2
2206,4765.0
2207,78206.49
2208,5014.02
2209,69047.02
2210,12398.22
2211,13001.21
2212,48560.26
2213,69428.14
2214,10732.13
2215,4778.78
2216,7529.71
2217,56604.6
2218,51758.76
2219,3546.25
2220,55266.11
2221,5285.49
2222,3023.27
2223,5713.51
2224,4460.85
2225,4069.4
2226,6422.92
2227,5138.65
2228,11183.38
2229,11799.97
2230,3463.46
2231,2350.02
2232,59050.57
2233,16918.67
2234,6249.77
2235,56820.74
2236,4985.88
2237,12315.36
2238,4821.81
2239,6749.19
2240,59320.43
2241,10292.1
2242,4985.55
2243,39393.64
2244,2150.0
2245,4998.67
2246,10524.64
2247,4679.59
2248,7296.98
2249,4822.73
2250,6912.39
2251,10400.48
2252,53107.14
2253,8294.62
2254,48894.74
2255,4660.71
2256,6662.89
2257,3155.9
2258,6051.21
2259,5646.09
2260,7095.17
2261,7338.43
2262,10606.77
2263,10701.44
2264,6326.06
2265,2712.17
2266,30036.36
2267,42231.5
2268,11103.98
2269,5983.31
2270,5329.91
2271,2738.35
2272,4929.21
2273,2129.26
2274,53819.89
2275,46792.42
2276,2722.98
2277,9157.53
2278,2469.48
2279,8929.08
2280,41064.0
2281,4568.0
2282,62046.25
2283,62755.88
2284,9172.21
2285,8895.2
2286,47087.94
2287,63170.36
2288,2229.77
2289,5691.4
2290,3958.59
2291,4832.65
2292,2232.03
2293,18588.58
2294,9391.33
2295,6472.81
2296,6610.97
2297,27864.0
2298,6692.6
2299,12706.05
2300,3322.63
2301,44181.12
2302,5720.0
2303,57617.05
2304,7872.21
2305,43985.93
2306,6255.03
2307,15834.04
2308,69335.72
2309,4454.9
2310,7888.63
2311,60074.67
2312,13640.49
2313,47058.15
2314,4705.55
2315,14273.51
2316,5123.35
2317,53399.2
2318,23463.46
2319,13383.17
2320,6397.53
2321,56202.94
2322,3976.28
2323,17875.97
2324,8278.07
2325,5878.98
2326,5971.97
2327,12010.9
2328,33324.86
2329,7150.71
2330,6045.46
2331,44995.51
2332,8789.34
2333,7182.28
2334,12113.06
2335,52620.58
2336,51236.36
2337,53556.86
2338,2218.89
2339,39499.0
2340,8757.72
2341,39774.41
2342,4984.56
2343,55953.32
2344,6511.74
2345,55757.55
2346,4628.97
2347,8303.15
2348,9952.73
2349,5813.38
2350,55425.83
2351,4224.24
2352,4603.45
2353,4645.56
2354,2385.02
2355,5790.97
2356,38368.24
2357,50858.96
2358,4762.39
2359,5806.05
2360,8486.1
2361,56272.95
2362,64676.49
2363,4708.44
2364,49878.11
2365,6643.01
2366,63241.28
2367,4679.76
2368,73188.98
2369,58399.31
2370,6138.58
2371,6413.66
2372,4840.81
2373,5341.55
2374,4652.13
2375,4089.65
2376,44144.0
2377,13878.59
2378,55464.7
2379,4921.44
2380,24374.43
2381,3921.02
2382,9987.11
2383,76571.11
2384,9084.48
2385,10217.54
2386,51817.0
2387,4735.87
2388,6280.43
2389,3166.24
2390,51840.53
2391,5781.75
2392,11119.83
2393,7332.47
2394,13359.99
2395,22169.92
2396,49831.26
2397,4430.4
2398,9448.6
2399,7338.35
2400,17486.21
2401,61993.43
2402,4526.25
2403,24010.4
2404,43979.13
2405,6335.4
2406,4492.58
2407,4578.71
2408,10337.03
2409,11582.04
2410,39532.16
2411,6712.51
2412,5884.74
2413,2885.89
2414,61868.88
2415,9667.12
2416,44187.35
2417,12479.05
2418,4684.75
2419,6200.3
2420,6112.85
2421,7577.72
2422,64791.2
2423,4517.28
2424,2335.01
2425,5376.2
2426,63219.67
2427,5359.39
2428,46991.7
2429,61635.32
2430,12807.16
2431,22164.72
2432,67743.45
2433,7545.75
2434,5773.11
2435,7731.51
2436,4382.09
2437,51817.0
2438,51317.51
2439,4570.61
2440,51173.76
2441,4353.59
2442,7138.9
2443,5363.99
2444,2443.0
2445,2992.76
2446,12391.2
2447,7766.39
2448,7302.57
2449,5463.17
2450,5935.3
2451,3890.16
2452,10569.68
2453,7027.56
2454,49636.19
2455,14860.83
2456,52287.0
2457,23891.98
2458,15953.03
2459,41171.66
2460,43220.8
2461,7549.43
2462,6129.71
2463,6032.05
2464,6725.21
2465,4498.04
2466,1971.83
2467,4370.13
2468,5916.2
2469,5086.52
2470,5599.88
2471,7597.89
2472,4157.6
2473,4706.24
2474,4430.58
2475,8212.01
2476,4155.59
2477,4043.84
2478,13518.16
2479,89761.35
2480,5205.15
2481,34872.98
2482,6173.5
2483,62756.33
2484,53202.13
2485,58242.67
2486,6328.18
2487,5211.55
2488,53302.7
2489,3596.11
2490,8184.39
2491,62573.0
2492,13720.23
2493,4695.84
2494,4334.2
2495,3594.92
2496,4958.74
2497,2502.93
2498,11035.36
2499,65244.28
2500,3863.44
2501,53120.67
2502,10873.29
2503,3135.89
2504,15358.06
2505,54800.52
2506,2842.63
2507,17604.0
2508,9447.37
2509,4034.46
2510,4809.45
2511,53375.09
2512,10723.27
2513,3845.11
2514,6045.43
2515,12546.28
2516,4891.42
2517,2257.65
2518,51960.36
2519,62039.02
2520,60456.69
2521,4248.92
2522,79667.53
2523,56027.13
2524,50800.77
2525,64670.01
2526,6281.64
2527,6588.32
2528,14257.72
2529,3226.26
2530,7165.85
2531,58516.43
2532,62596.84
2533,4954.03
2534,44486.96
2535,7192.88
2536,8129.54
2537,4227.68
2538,8808.8
2539,3602.33
2540,58163.21
2541,12263.96
2542,12571.19
2543,28246.62
2544,23069.62
2545,5068.21
2546,54684.0
2547,4888.91
2548,2122.11
2549,40466.31
2550,6016.33
2551,5055.37
2552,7506.78
2553,7037.61
2554,44144.0
2555,67233.2
2556,7827.14
2557,5781.83
2558,2178.65
2559,2911.24
2560,7216.51
2561,6992.56
2562,6020.23
2563,13451.62
2564,4661.61
2565,14355.29
2566,13066.75
2567,3552.42
2568,9038.72
2569,7732.96
2570,49262.04
2571,65514.78
2572,2124.0
2573,2236.92
2574,52161.72
2575,4673.79
2576,46884.03
2577,72877.55
2578,8079.44
2579,3485.54
2580,70462.72
2581,54231.56
2582,56374.5
2583,46711.12
2584,5564.68
2585,6287.02
2586,4336.47
2587,57980.2
2588,5228.44
2589,5140.43
2590,5773.99
2591,3778.76
2592,3381.29
2593,6399.1
2594,42254.17
2595,10060.73
2596,41449.36
2597,12867.2
2598,61839.59
2599,4511.69
2600,63956.9
2601,11188.4
2602,3743.94
2603,66359.65
2604,5296.77
2605,15938.37
2606,58417.89
2607,6742.63
2608,5701.87
2609,4523.55
2610,5718.29
2611,9182.54
2612,11583.94
2613,2960.3
2614,5951.1
2615,44923.63
2616,6796.59
2617,5044.79
2618,68938.83
2619,14070.8
2620,8888.39
2621,2677.3
2622,3995.25
2623,6770.29
2624,55666.49
2625,57174.77
2626,6264.94
2627,65067.32
2628,56426.54
2629,55248.68
2630,6982.53
2631,5517.55
2632,3937.82
2633,53104.23
2634,9918.89
2635,3002.19
2636,3916.04
2637,6519.22
2638,62829.39
2639,11648.92
2640,6184.08
2641,4000.77
2642,57212.57
2643,44998.31
2644,3767.71
2645,4304.23
2646,2498.87
2647,33336.32
2648,9718.68
2649,6453.72
2650,57819.12
2651,58473.91
2652,2298.47
2653,5261.33
2654,3923.02
2655,4827.3
2656,4780.2
2657,52682.55
2658,58956.65
2659,52885.08
2660,50204.35
2661,64329.07
2662,2087.65
2663,59361.7
2664,7907.74
2665,5387.69
2666,37450.83
2667,54518.62
2668,54684.0
2669,60844.17
2670,5777.19
2671,11841.37
2672,10022.89
2673,9601.48
2674,4860.75
2675,7428.8
2676,7024.38
2677,2411.96
2678,3284.28
2679,2438.69
2680,5425.15
2681,5623.84
2682,6830.95
2683,2996.76
2684,6171.64
2685,4854.93
2686,6069.19
2687,63505.5
2688,61530.62
2689,13277.59
2690,13245.13
2691,23768.46
2692,4420.72
2693,7999.8
2694,2205.09
2695,9966.16
2696,2934.18
2697,7281.95
2698,11410.61
2699,60912.15
2700,51345.0
2701,46089.82
2702,3086.33
2703,7394.59
2704,4490.17
2705,18615.95
2706,5806.41
2707,37985.0
2708,49643.24
2709,6137.89
2710,52106.72
2711,5022.07
2712,6036.92
2713,4694.6
2714,56581.95
2715,6974.31
2716,4480.17
2717,61042.11
2718,4157.76
2719,6708.36
2720,6001.28
2721,2414.42
2722,10367.86
2723,76141.66
2724,21657.16
2725,2989.69
2726,5063.52
2727,5920.62
2728,5052.04
2729,2595.76
2730,9953.1
2731,58374.88
2732,2847.88
2733,5884.22
2734,53695.05
2735,4766.69
2736,9958.64
2737,49680.23
2738,4408.26
2739,60367.64
2740,5409.82
2741,8305.2
2742,6964.28
2743,65995.18
2744,5394.63
2745,54852.05
2746,6719.7
2747,4012.11
2748,58937.97
2749,6711.86
2750,10428.8
2751,56811.55
2752,6747.87
2753,65132.46
2754,4627.01
2755,6027.65
2756,6104.49
2757,62193.96
2758,2769.92
2759,40407.45
2760,5644.93
2761,52857.23
2762,16015.54
2763,6516.83
2764,58116.65
2765,12896.05
2766,9685.57
2767,7633.28
2768,61984.87
2769,11510.07
2770,52398.63
2771,3426.13
2772,2821.08
2773,3608.47
2774,2794.15
2775,10844.69
2776,7406.92
2777,10406.16
2778,12020.66
2779,11963.83
2780,54301.78
2781,40265.59
2782,8915.33
2783,7723.46
2784,12302.33
2785,6531.87
2786,4029.09
2787,7098.95
2788,6836.97
2789,6391.64
2790,3185.72
2791,2333.78
2792,1827.2
2793,45672.0
2794,4488.95
2795,52228.84
2796,8767.44
2797,11967.98
2798,5889.66
2799,49741.85
2800,6500.8
2801,4511.68
2802,4166.38
2803,28485.6
2804,3415.29
2805,6153.29
2806,66111.7
2807,63771.4
2808,4654.68
2809,54248.62
2810,6062.14
2811,4148.88
2812,5517.48
2813,11384.36
2814,1808.41
2815,8967.9
2816,6857.04
2817,7320.96
2818,5495.31
2819,2789.31
2820,3596.48
2821,7961.24
2822,5601.7
2823,4356.7
2824,6246.27
2825,2595.43
2826,9398.36
2827,4625.48
2828,53733.28
2829,8848.69
2830,4681.99
2831,4734.35
2832,6250.26
2833,5248.44
2834,5414.81
2835,9436.92
2836,2154.41
2837,8339.34
2838,49003.79
2839,48854.54
2840,5442.83
2841,38673.17
2842,46531.63
2843,52053.89
2844,57913.5
2845,2597.34
2846,5215.55
2847,22247.19
2848,7262.53
2849,3035.51
2850,46693.34
2851,5810.04
2852,6291.86
2853,48927.47
2854,59146.68
2855,13343.77
2856,8104.93
2857,51596.12
2858,5170.38
2859,18549.45
2860,6478.59
2861,4493.66
2862,8216.5
2863,4540.49
2864,60476.19
2865,2854.76
2866,2849.05
2867,6634.96
2868,13698.67
2869,53312.98
2870,10784.04
2871,48621.8
2872,58955.26
2873,9415.02
2874,12690.45
2875,6106.74
2876,5951.1
2877,5398.47
2878,7449.42
2879,10106.86
2880,31903.7
2881,2985.83
2882,52161.72
2883,45279.99
2884,6982.63
2885,3722.66
2886,44113.2
2887,8484.7
2888,24115.66
2889,3089.73
2890,1795.61
2891,5549.05
2892,39650.48
2893,6930.98
2894,4392.18
2895,7751.89
2896,14401.97
2897,5603.47
2898,3478.26
2899,11372.41
2900,6347.22
2901,4422.28
2902,56949.54
2903,13558.66
2904,51992.76
2905,5257.42
2906,55015.56
2907,5365.73
2908,46363.93
2909,44280.0
2910,10596.83
2911,6591.1
2912,5039.06
2913,6133.44
2914,56402.55
2915,5459.72
2916,5104.35
2917,4995.11
2918,8988.7
2919,58954.09
2920,13055.27
2921,3117.7
2922,7363.53
2923,14420.96
2924,41314.0
2925,16389.18
2926,7355.66
2927,5196.79
2928,5591.85
2929,40340.94
2930,8888.85
2931,18700.63
2932,5432.7
2933,68391.67
2934,15365.46
2935,58329.28
2936,48171.31
2937,8212.82
2938,7227.86
2939,5366.81
2940,4549.34
2941,56476.0
2942,6025.68
2943,5677.91
2944,2538.07
2945,15576.04
2946,62467.38
2947,11718.83
2948,41058.04
2949,4332.14
2950,5757.32
2951,6381.56
2952,7628.31
2953,54659.97
2954,17365.73
2955,44144.0
2956,12278.35
2957,6239.74
2958,4864.1
2959,6801.61
2960,7249.39
2961,3850.32
2962,3229.55
2963,11201.53
2964,8296.01
2965,42616.27
2966,4026.6
2967,5601.93
2968,52968.46
2969,4720.67
2970,17794.0
2971,6142.77
2972,7993.98
2973,2195.54
2974,9714.15
2975,51457.78
2976,54245.91
2977,17295.9
2978,4872.47
2979,6455.08
2980,6447.21
2981,6249.34
2982,51833.6
2983,11991.6
2984,54956.32
2985,5477.67
2986,6452.57
2987,6889.93
2988,64784.9
2989,13152.3875
2990,3583.3
2991,66211.95
2992,45883.0
2993,2596.35
2994,4325.02
2995,3092.79
2996,45352.36
2997,6260.49
2998,43816.3
2999,5955.41
3000,6338.36
3001,6313.67
3002,60061.44
3003,3220.01
3004,6139.54
3005,5484.19
3006,45616.63
3007,7366.96
3008,59080.79
3009,6998.68
3010,65892.12
3011,7296.88
3012,5367.25
3013,2919.57
3014,39859.69
3015,41314.0
3016,43219.99
3017,81293.93
3018,57520.07
3019,8318.46
3020,3601.75
3021,5192.53
3022,4432.25
3023,2847.05
3024,6757.37
3025,6182.53
3026,6936.73
3027,61258.42
3028,6109.63
3029,6463.81
3030,5400.76
3031,4062.15
3032,6174.18
3033,59688.93
3034,6284.05
3035,44736.96
3036,4100.79
3037,6201.16
3038,4670.53
3039,15475.345
3040,58169.56
3041,5896.06
3042,13469.39
3043,4058.09
3044,3927.19
3045,6989.38
3046,4245.99
3047,59489.86
3048,8408.56
3049,61946.1
3050,2524.73
3051,44887.66
3052,53418.77
3053,6643.2
3054,54684.0
3055,51340.69
3056,3661.29
3057,7288.87
3058,60456.69
3059,2498.19
3060,4327.72
3061,58273.82
3062,4767.25
3063,3095.52
3064,11321.97
3065,6389.82
3066,23072.72
3067,4496.0
3068,2280.53
3069,6959.42
3070,7779.72
3071,6166.63
3072,58528.97
3073,6507.6
3074,2580.16
3075,5428.78
3076,42593.82
3077,9822.77
3078,3883.25
3079,2476.83
3080,3455.07
3081,63123.34
3082,14114.47
3083,11660.71
3084,6541.27
3085,13907.66
3086,11318.75
3087,10802.96
3088,4476.36
3089,4749.75
3090,7507.96
3091,3247.22
3092,7111.75
3093,6187.75
3094,6695.31
3095,4337.19
3096,6591.16
3097,7114.71
3098,54382.78
3099,7198.41
3100,6194.31
3101,54788.0
3102,29512.18
3103,5481.33
3104,9087.3
3105,6854.18
3106,20747.54
3107,51841.78
3108,44199.46
3109,6737.78
3110,59964.2
3111,48550.09
3112,6036.6
3113,5480.75
3114,2263.24
3115,49804.41
3116,3655.07
3117,8418.69
3118,4598.19
3119,8797.58
3120,59911.83
3121,64447.25
3122,55289.82
3123,3029.57
3124,64208.51
3125,33121.74
3126,4081.94
3127,6681.19
3128,57130.31
3129,52434.43
3130,2201.02
3131,6824.69
3132,11671.63
3133,4519.23
3134,2340.35
3135,6594.4
3136,65224.25
3137,58312.82
3138,7218.98
3139,5182.85
3140,45969.92
3141,4417.71
3142,50271.0
3143,51309.15
3144,4853.11
3145,12732.57
3146,49758.35
3147,2784.94
3148,4032.29
3149,7322.27
3150,1778.22
3151,58209.49
3152,6484.6
3153,14035.95
3154,56514.19
3155,7224.13
3156,5531.21
3157,5206.73
3158,6159.17
3159,5372.4
3160,11858.425
3161,4061.37
3162,45334.61
3163,74228.92
3164,6775.03
3165,13883.68
3166,5951.1
3167,1914.42
3168,38512.62
3169,6089.06
3170,6334.39
3171,6774.89
3172,13079.28
3173,11521.68
3174,5975.91
3175,5949.0
3176,6400.05
3177,4722.37
3178,3771.85
3179,6770.13
3180,9567.2
3181,64117.67
3182,49223.31
3183,18044.49
3184,2348.25
3185,3891.85
3186,4631.22
3187,4804.81
3188,7377.37
3189,4048.25
3190,5885.99
3191,47872.53
3192,61836.5
3193,42360.46
3194,60665.4
3195,53157.43
3196,6834.12
3197,5792.04
3198,38042.12
3199,72410.28
3200,61320.38
3201,9609.56
3202,7711.58
3203,8124.81
3204,12082.52
3205,31522.33
3206,6159.31
3207,69094.31
3208,4634.11
3209,78336.2
3210,6449.95
3211,6137.97
3212,5028.51
3213,4994.39
3214,5239.41
3215,54756.44
3216,4368.6
3217,24332.22
3218,6177.7
3219,4771.11
3220,34930.53
3221,47919.56
3222,4083.02
3223,46527.77
3224,5960.85
3225,5396.7
3226,62354.1
3227,4793.75
3228,4137.98
3229,4732.5
3230,7267.69
3231,8244.52
3232,5022.1
3233,8255.62
3234,4337.45
3235,12813.71
3236,2571.02
3237,4295.81
3238,4962.71
3239,2044.52
3240,4660.27
3241,4459.33
3242,6347.8
3243,5149.08
3244,61673.61
3245,39091.09
3246,55350.17
3247,59867.95
3248,5790.74
3249,10634.04
3250,10359.46
3251,47950.1
3252,5824.87
3253,67466.34
3254,5855.69
3255,4483.18
3256,5939.36
3257,72307.35
3258,52064.16
3259,6145.84
3260,4750.71
3261,32993.6
3262,2235.09
3263,6051.03
3264,14559.09
3265,5833.24
3266,3152.36
3267,2837.24
3268,5517.04
3269,2384.88
3270,7320.92
3271,2646.88
3272,15650.86
3273,6561.41
3274,5767.04
3275,6130.57
3276,22772.62
3277,3034.17
3278,59596.52
3279,52478.65
3280,6746.55
3281,5974.2
3282,6027.58
3283,7149.29
3284,4494.78
3285,5871.71
3286,4641.92
3287,12931.03
3288,4182.66
3289,10670.64
3290,9113.59
3291,49029.48
3292,10843.67
3293,11410.65
3294,55801.26
3295,60201.94
3296,51802.44
3297,4812.23
3298,6499.23
3299,4733.91
3300,5319.29
3301,14158.79
3302,7388.21
3303,52948.65
3304,3855.09
3305,4920.12
3306,4401.53
3307,5700.2
3308,45318.24
3309,4422.75
3310,37226.99
3311,5249.13
3312,37584.69
3313,12874.42
3314,5298.01
3315,5729.05
3316,27948.82
3317,6454.1
3318,10006.76
3319,56744.29
3320,5322.0
3321,2611.0
3322,5568.73
3323,4228.81
3324,2738.36
3325,7435.91
3326,3310.02
3327,49434.19
3328,14755.05
3329,4427.77
3330,6315.03
3331,12488.92
3332,3271.83
3333,6991.79
3334,7425.68
3335,54684.0
3336,58950.3
3337,13588.01
3338,4247.84
3339,61641.72
3340,5227.17
3341,9053.66
3342,4760.71
3343,2130.88
3344,2455.56
3345,42644.91
3346,57514.44
3347,11679.93
3348,3586.58
3349,67366.99
3350,57444.52
3351,4482.76
3352,6480.14
3353,5945.46
3354,4547.49
3355,9599.69
3356,6419.05
3357,6911.34
3358,12723.34
3359,2734.31
3360,56990.7
3361,39593.7
3362,4480.47
3363,11146.86
3364,2552.67
3365,5317.0
3366,8662.46
3367,7854.04
3368,13474.83
3369,5494.07
3370,9179.52
3371,3727.66
3372,1828.25
3373,31376.14
3374,8182.5
3375,55848.12
3376,49669.01
3377,10249.8
3378,4462.12
3379,56990.03
3380,56836.31
3381,5942.97
3382,2411.56
3383,11367.78
3384,2626.87
3385,3101.82
3386,64384.77
3387,5728.41
3388,13460.9
3389,8346.17
3390,4432.32
3391,57662.71
3392,35279.96
3393,41857.69
3394,67116.84
3395,54712.18
3396,57687.97
3397,2823.04
3398,2814.38
3399,50923.91
3400,5134.94
3401,61496.28
3402,59018.44
3403,8621.29
3404,14658.49
3405,19890.75
3406,5505.6
3407,13972.34
3408,6676.81
3409,7941.98
3410,57488.37
3411,4244.44
3412,10167.17
3413,2337.69
3414,2232.03
3415,57465.79
3416,8345.79
3417,52192.15
3418,71133.6
3419,5355.79
3420,5321.93
3421,5402.61
3422,16481.38
3423,4339.01
3424,9848.32
3425,55576.16
3426,22219.52
3427,18833.29
3428,53965.86
3429,6533.14
3430,52430.4
3431,3620.71
3432,4626.64
3433,3933.22
3434,5969.12
3435,4593.83
3436,11964.82
3437,60599.4
3438,13856.74
3439,5262.33
3440,4741.12
3441,6096.23
3442,12241.67
3443,54917.61
3444,4729.27
3445,8500.61
3446,44340.81
3447,6506.51
3448,6230.03
3449,56817.03
3450,4769.06
3451,5759.02
3452,4404.55
3453,44280.0
3454,3674.17
3455,12898.1
3456,52009.25
3457,49377.15
3458,14173.75
3459,64164.15
3460,50001.36
3461,2813.29
3462,6661.03
3463,3028.78
3464,5735.71
3465,60819.36
3466,4545.53
3467,5070.11
3468,44262.41
3469,61779.14
3470,1996.14
3471,56449.16
3472,69262.17
3473,57930.27
3474,56063.15
3475,22248.08
3476,18953.3
3477,6715.67
3478,12268.74
3479,60741.71
3480,4119.45
3481,4978.3
3482,42354.41
3483,42391.38
3484,28076.8
3485,61495.82
3486,6651.01
3487,13146.566666666668
3488,17240.82
3489,5449.06
3490,36229.63
3491,6808.03
3492,10768.92
3493,33593.87
3494,3020.26
3495,9375.68
3496,15586.985
3497,7496.9
3498,7262.13
3499,5614.59
3500,4751.27
3501,13699.37
3502,62741.94
3503,46450.16
3504,15549.29
3505,60094.69
3506,13057.76
3507,5901.22
3508,5562.64
3509,3419.6
3510,57871.56
3511,3585.72
3512,61323.57
3513,5374.26
3514,45502.65
3515,10423.75
3516,2664.37
3517,12945.92
3518,11418.15
3519,7745.1
3520,9014.26
3521,16141.63
3522,5864.86
3523,5071.96
3524,2209.7
3525,5578.0
3526,5740.53
3527,46255.24
3528,5737.07
3529,4534.82
3530,5235.79
3531,4015.39
3532,8813.44
3533,7674.64
3534,2885.92
3535,45074.63
3536,42486.09
3537,4582.52
3538,4993.57
3539,6006.66
3540,4778.4
3541,3191.61
3542,1877.1
3543,7399.45
3544,2235.82
3545,3911.58
3546,2983.52
3547,3959.52
3548,26197.08
3549,56382.02
3550,52128.58
3551,6479.98
3552,5281.42
3553,3912.55
3554,51677.35
3555,60577.65
3556,4267.33
3557,4873.7
3558,6016.16
3559,9303.84
3560,61755.99
3561,56632.55
3562,7043.67
3563,6313.35
3564,3012.09
3565,13797.53
3566,2884.54
3567,7408.06
3568,3937.66
3569,3130.21
3570,67146.85
3571,2580.42
3572,3689.25
3573,6626.93
3574,12682.91
3575,62952.34
3576,57506.79
3577,12283.43
3578,3968.73
3579,5029.07
3580,42426.2
3581,53638.84
3582,70136.41
3583,22152.0
3584,33855.82
3585,53542.06
3586,3779.61
3587,5844.76
3588,52708.83
3589,52849.46
3590,14720.83
3591,5608.04
3592,56175.23
3593,12027.98
3594,6336.69
3595,7823.12
3596,11028.97
3597,53476.56
3598,7115.8
3599,59966.03
3600,2341.86
3601,4284.46
3602,7181.48
3603,11270.43
3604,7807.17
3605,60971.81
3606,8499.31
3607,40410.84
3608,55523.39
3609,4685.49
3610,5560.9
3611,67068.68
3612,12543.85
3613,4719.99
3614,58310.71
3615,4733.77
3616,10696.01
3617,4139.47
3618,12347.82
3619,7495.86
3620,4343.82
3621,12035.96
3622,44535.77
3623,4580.33
3624,9222.59
3625,60181.46
3626,24696.9
3627,10796.6
3628,7216.15
3629,5631.37
3630,2452.01
3631,4624.82
3632,10688.84
3633,12640.97
3634,10114.86
3635,60329.52
3636,11897.32
3637,1825.2
3638,3645.73
3639,3244.57
3640,3956.84
3641,3468.12
3642,5738.14
3643,62575.74
3644,5237.42
3645,2933.93
3646,5272.24
3647,6622.98
3648,39443.79
3649,57059.31
3650,4511.05
3651,7174.7
3652,52287.0
3653,6465.5
3654,5388.68
3655,10067.79
3656,5841.96
3657,2993.03
3658,54740.79
3659,3678.09
3660,4162.04
3661,60284.69
3662,1878.84
3663,60396.0
3664,6327.21
3665,4531.67
3666,42205.25
3667,8304.64
3668,13010.26
3669,5741.31
3670,14568.09
3671,2800.69
3672,47167.26
3673,49852.49
3674,2606.25
3675,11692.54
3676,9772.87
3677,3766.74
3678,9898.42
3679,3251.33
3680,3693.8
3681,65084.53
3682,63484.91
3683,7439.34
3684,39552.3
3685,48985.18
3686,3344.5
3687,3519.32
3688,40834.7
3689,60821.87
3690,4689.3
3691,5657.53
3692,6178.35
3693,9146.43
3694,76049.39
3695,6310.83
3696,3537.84
3697,4426.22
3698,69421.01
3699,57804.7
3700,2350.61
3701,16482.313333333335
3702,7087.12
3703,1837.4
3704,4754.98
3705,5276.02
3706,14770.43
3707,7967.27
3708,4474.57
3709,8428.53
3710,35126.2
3711,54766.88
3712,54949.14
3713,14186.51
3714,2623.84
3715,7148.6
3716,4470.26
3717,8150.46
3718,10650.1
3719,4147.39
3720,24457.28
3721,4179.47
3722,4397.71
3723,6604.01
3724,4028.64
3725,63830.95
3726,62705.5
3727,4490.54
3728,54973.41
3729,12284.96
3730,7629.17
3731,6573.57
3732,2788.47
3733,4352.62
3734,5066.94
3735,61218.98
3736,4078.14
3737,13891.62
3738,10718.78
3739,6508.29
3740,54608.0
3741,60508.0
3742,7989.01
3743,8638.84
3744,23798.64
3745,54428.86
3746,9363.44
3747,74391.4
3748,7916.37
3749,8296.82
3750,6836.83
3751,5056.88
3752,49854.94
3753,9199.93
3754,65984.73
3755,4894.22
3756,31438.78
3757,6913.09
3758,8906.22
3759,6319.74
3760,9195.33
3761,4836.66
3762,1970.99
3763,65049.54
3764,51663.4
3765,3741.03
3766,3380.18
3767,2393.04
3768,52363.04
3769,49209.15
3770,4831.24
3771,6377.03
3772,3459.72
3773,7092.37
3774,9826.02
3775,3379.45
3776,7611.62
3777,5041.82
3778,4662.38
3779,5174.33
3780,42951.35
3781,5904.9
3782,12148.61
3783,51323.06
3784,9860.44
3785,12817.14
3786,54684.0
3787,53958.15
3788,55624.04
3789,14150.02
3790,2519.01
3791,4379.36
3792,56711.04
3793,11476.22
3794,37215.42
3795,4930.41
3796,5395.17
3797,13156.29
3798,38506.74
3799,23282.14
3800,5219.05
3801,5817.03
3802,8584.22
3803,27948.82
3804,10184.69
3805,7786.72
3806,6398.55
3807,5973.32
3808,8701.27
3809,5036.98
3810,56141.08
3811,53808.53
3812,54933.47
3813,44940.45
3814,9284.35
3815,4817.64
3816,2115.71
3817,51697.0
3818,44144.0
3819,2469.82
3820,3646.37
3821,7593.4
3822,54664.52
3823,2674.45
3824,33618.92
3825,6830.32
3826,39499.0
3827,41573.46
3828,7007.99
3829,12608.19
3830,12046.32
3831,6471.28
3832,5743.69
3833,5476.12
3834,4885.51
3835,35956.55
3836,4480.92
3837,34538.84
3838,56045.07
3839,9474.73
3840,2319.35
3841,53665.62
3842,63458.48
3843,5941.24
3844,27963.18
3845,59285.01
3846,4475.69
3847,37359.01
3848,6574.83
3849,6522.24
3850,3132.26
3851,2973.55
3852,6067.8
3853,45074.9
3854,7299.0
3855,5064.17
3856,62068.45
3857,5808.16
3858,6059.48
3859,13244.46
3860,5148.89
3861,10326.28
3862,2931.14
3863,51705.88
3864,3588.09
3865,46044.05
3866,25038.58
3867,8036.44
3868,4720.72
3869,24037.72
3870,3190.76
3871,51558.04
3872,4420.52
3873,6431.19
3874,33673.35
3875,6939.67
3876,6061.0
3877,7231.95
3878,6498.22
3879,13641.93
3880,49553.0
3881,9736.23
3882,8785.18
3883,7448.56
3884,6525.65
3885,60260.0
3886,4874.89
3887,27849.08
3888,10393.31
3889,2476.53
3890,4506.31
3891,6543.0
3892,5256.04
3893,6624.45
3894,10246.64
3895,43033.17
3896,1703.18
3897,6219.42
3898,2200.07
3899,4479.6
3900,6807.53
3901,11668.59
3902,5053.54
3903,55110.64
3904,46953.0
3905,58303.2
3906,4440.48
3907,50378.52
3908,61471.56
3909,60115.25
3910,6105.65
3911,3920.53
3912,4156.47
3913,6024.58
3914,5306.29
3915,13649.92
3916,8267.21
3917,7215.94
3918,60711.08
3919,9264.6
3920,67721.74
3921,52714.64
3922,32757.66
3923,5670.2
3924,8140.23
3925,55761.82
3926,7280.43
3927,2424.63
3928,7475.67
3929,5766.65
3930,4567.45
3931,4920.41
3932,6016.54
3933,3965.86
3934,5552.87
3935,4555.19
3936,2268.39
3937,8387.49
3938,7245.49
3939,5848.71
3940,6418.19
3941,5968.29
3942,5608.75
3943,44075.68
3944,55631.24
3945,2832.88
3946,12046.476666666666
3947,8312.97
3948,61328.74
3949,5019.09
3950,7703.05
3951,3553.11
3952,5701.73
3953,9248.68
3954,7084.56
3955,1657.14
3956,52542.39
3957,10745.11
3958,3767.33
3959,7730.5
3960,5412.67
3961,58671.36
3962,6153.48
3963,5384.97
3964,60499.07
3965,6307.52
3966,5491.67
3967,9864.28
3968,5727.25
3969,5919.5
3970,59181.15
3971,2857.52
3972,3561.57
3973,7264.86
3974,8284.89
3975,5526.4
3976,38049.49
3977,41965.98
3978,50928.83
3979,4972.1
3980,61394.09
3981,54928.32
3982,11747.54
3983,48599.95
3984,4156.4
3985,5659.76
3986,24649.28
3987,42242.03
3988,7917.85
3989,23896.08
3990,6124.95
3991,4496.0
3992,2670.94
3993,4798.92
3994,4057.3
3995,3588.91
3996,2827.82
3997,57916.61
3998,7989.95
3999,4853.08
4000,60606.92
4001,50031.63
4002,73112.28
4003,6368.51
4004,10155.7
4005,4501.95
4006,3015.15
4007,13887.01
4008,7212.21
4009,4932.43
4010,7822.05
4011,6739.1
4012,66495.09
4013,4572.76
4014,55086.82
4015,9046.14
4016,5977.96
4017,4816.12
4018,32528.89
4019,5246.24
4020,55745.13
4021,4646.16
4022,56649.58
4023,6891.2
4024,6067.86
4025,76560.42
4026,10800.68
4027,7642.76
4028,41934.0
4029,56748.81
4030,54768.77
4031,12845.18
4032,48720.71
4033,2703.58
4034,2851.59
4035,49463.24
4036,2443.97
4037,10772.78
4038,56886.41
4039,5746.93
4040,9771.49
4041,6256.29
4042,3686.77
4043,4765.36
4044,18770.49
4045,5827.23
4046,8482.06
4047,5383.74
4048,7791.78
4049,4243.07
4050,5664.07
4051,23182.66
4052,45136.8
4053,38017.96
4054,3795.41
4055,9847.09
4056,6141.35
4057,2906.85
4058,4539.61
4059,35700.72
4060,7735.28
4061,8497.31
4062,73492.11
4063,5553.17
4064,4862.97
4065,45772.41
4066,10750.58
4067,2559.72
4068,4710.61
4069,1965.18
4070,11446.81
4071,54355.86
4072,58565.04
4073,3169.19
4074,5356.63
4075,14543.42
4076,11762.63
4077,10973.96
4078,46919.81
4079,4693.14
4080,6182.65
4081,13120.3
4082,12003.61
4083,3159.78
4084,4428.76
4085,54608.0
4086,3829.57
4087,11387.1
4088,5967.39
4089,72272.13
4090,7165.64
4091,7975.91
4092,7904.15
4093,7785.9
4094,5606.7
4095,4275.26
4096,53997.24
4097,5885.6
4098,56525.28
4099,59751.89
4100,45883.0
4101,4052.57
4102,2966.16
4103,4409.63
4104,6985.84
4105,70105.0
4106,52616.68
4107,13012.34
4108,9683.56
4109,46060.87
4110,5498.42
4111,87150.24
4112,6880.55
4113,6091.04
4114,14512.66
4115,6783.89
4116,5349.98
4117,62646.92
4118,17037.24
4119,37764.44
4120,5064.49
4121,53353.4
4122,12941.47
4123,56367.25
4124,3848.3
4125,4036.28
4126,3356.56
4127,57777.81
4128,1308.66
4129,12588.99
4130,68020.99
4131,8702.04
4132,44251.52
4133,56034.74
4134,47673.66
4135,4496.38
4136,2186.09
4137,63893.67
4138,58501.12
4139,3475.16
4140,56092.92
4141,4179.77
4142,7227.82
4143,60396.0
4144,6493.73
4145,12574.65
4146,9690.17
4147,5732.91
4148,6730.89
4149,5842.79
4150,4311.55
4151,4567.97
4152,56306.71
4153,6920.23
4154,2813.87
4155,1821.7
4156,8659.29
4157,6598.79
4158,4497.37
4159,6721.92
4160,7878.85
4161,5454.35
4162,3554.03
4163,52193.76
4164,17030.25
4165,6264.89
4166,55020.83
4167,2725.22
4168,4505.06
4169,2114.88
4170,11684.72
4171,4803.66
4172,70101.85
4173,11120.07
4174,5958.45
4175,4742.05
4176,58193.6
4177,64989.7
4178,6736.97
4179,3512.06
4180,10438.2
4181,41064.0
4182,62269.21
4183,6128.75
4184,44367.21
4185,60404.97
4186,3982.96
4187,10044.91
4188,6575.28
4189,4140.45
4190,62256.65
4191,45136.8
4192,3740.89
4193,57476.79
4194,61078.03
4195,61328.05
4196,5549.72
4197,7932.75
4198,2366.02
4199,59065.48
4200,3074.92
4201,51860.01
4202,22169.92
4203,6968.73
4204,6109.22
4205,5722.02
4206,5200.1
4207,33009.02
4208,4635.74
4209,13041.89
4210,41209.72
4211,4170.4
4212,6701.18
4213,8016.74
4214,5399.88
4215,6954.47
4216,49544.86
4217,11309.51
4218,6863.25
4219,5580.41
4220,11113.61
4221,5076.07
4222,4053.4
4223,66062.96
4224,5628.46
4225,7633.94
4226,45693.0
4227,57828.69
4228,3440.8
4229,46041.82
4230,4701.33
4231,59463.38
4232,5959.28
4233,4413.27
4234,11474.38
4235,50702.47
4236,6246.05
4237,10741.18
4238,5266.15
4239,54428.86
4240,12555.99
4241,10334.5
4242,2912.93
4243,5116.59
4244,6779.92
4245,6075.11
4246,3502.94
4247,6516.3
4248,5640.04
4249,2737.66
4250,56911.75
4251,11858.67
4252,7529.86
4253,3627.02
4254,41102.75
4255,2842.26
4256,4239.33
4257,4413.43
4258,6135.17
4259,69249.54
4260,63223.92
4261,2453.2
4262,4048.11
4263,50088.69
4264,3948.96
4265,5377.4
4266,6203.07
4267,42688.47
4268,38042.12
4269,80676.27
4270,11562.61
4271,24498.94
4272,4260.92
4273,2551.47
4274,3900.81
4275,6431.46
4276,5826.49
4277,4418.95
4278,12855.56
4279,48568.39
4280,5661.48
4281,5348.42
4282,6445.64
4283,11980.57
4284,59837.56
4285,6742.7
4286,2078.95
4287,9420.44
4288,56130.37
4289,55692.48
4290,16043.43
4291,9427.58
4292,5488.56
4293,31553.7
4294,6088.97
4295,5838.14
4296,51882.63
4297,17575.1
4298,44717.24
4299,55241.47
4300,44280.0
4301,67178.85
4302,5011.88
4303,19494.62
4304,52845.65
4305,7255.76
4306,88294.72
4307,6447.54
4308,2633.27
4309,57460.0
4310,43844.09
4311,52108.18
4312,28514.03
4313,53084.48
4314,6131.22
4315,59590.76
4316,6100.18
4317,68350.48
4318,54509.42
4319,4546.25
4320,5848.92
4321,7804.22
4322,18410.2
4323,11610.86
4324,65516.63
4325,6646.5
4326,5785.58
4327,6688.59
4328,49553.0
4329,70451.36
4330,5621.54
4331,8442.31
4332,6968.53
4333,44144.0
4334,8001.15
4335,2853.76
4336,79495.31
4337,3676.78
4338,2339.11
4339,52482.63
4340,6350.09
4341,37911.99
4342,4499.05
4343,55177.0
4344,60856.61
4345,5818.96
4346,5978.95
4347,6226.5
4348,3464.89
4349,15418.51
4350,60454.91
4351,5843.37
4352,4505.3
4353,71151.16
4354,4586.18
4355,8866.52
4356,47037.56
4357,49794.92
4358,3625.83
4359,13086.52
4360,4232.62
4361,48507.54
4362,44640.95
4363,4338.69
4364,47858.65
4365,68343.32
4366,62106.74
4367,39183.57
4368,5817.33
4369,41715.22
4370,1381.03
4371,7109.16
4372,63797.75
4373,5626.44
4374,8126.08
4375,58121.12
4376,4336.5
4377,12241.04
4378,33023.87
4379,66991.7
4380,3515.17
4381,60102.86
4382,8541.84
4383,1578.59
4384,70945.13
4385,4433.84
4386,5528.5
4387,4462.68
4388,6297.83
4389,4001.33
4390,11415.78
4391,4141.14
4392,4957.19
4393,6803.19
4394,5982.33
4395,4993.14
4396,60545.67
4397,51953.15
4398,37985.0
4399,69933.64
4400,4682.78
4401,16661.77
4402,63026.08
4403,5896.34
4404,6343.47
4405,1795.61
4406,39393.64
4407,58157.93
4408,5758.76
4409,3992.78
4410,6464.94
4411,4802.96
4412,3775.37
4413,47313.05
4414,4326.44
4415,5979.76
4416,6653.98
4417,55925.88
4418,4997.21
4419,54216.08
4420,51125.82
4421,7257.17
4422,62978.9
4423,6140.64
4424,5588.35
4425,4210.67
4426,38270.6
4427,2232.31
4428,9659.7
4429,5780.69
4430,43935.19
4431,9989.58
4432,10344.14
4433,6717.58
4434,52262.56
4435,35118.54
4436,3025.49
4437,2983.94
4438,5531.6
4439,5872.4
4440,6093.89
4441,6835.53
4442,19508.16
4443,18789.87
4444,3662.95
4445,38501.41
4446,4500.0
4447,12021.95
4448,3489.54
4449,3812.37
4450,41176.97
4451,5677.5
4452,10062.32
4453,4935.72
4454,10386.63
4455,6280.09
4456,3394.8
4457,6369.06
4458,37707.15
4459,8366.13
4460,6031.48
4461,12119.53
4462,5466.89
4463,6932.85
4464,6269.23
4465,5788.86
4466,10079.11
4467,51874.12
4468,24320.84
4469,10336.56
4470,3839.22
4471,45318.63
4472,7985.7
4473,4767.71
4474,4586.28
4475,46218.56
4476,8188.46
4477,70052.59
4478,4818.57
4479,3385.39
4480,4812.45
4481,59019.88
4482,5344.09
4483,3333.54
4484,29900.92
4485,49742.74
4486,3796.46
4487,11581.38
4488,2992.76
4489,3604.04
4490,44193.06
4491,44795.86
4492,54865.23
4493,7984.33
4494,52740.84
4495,7916.3
4496,52060.11
4497,74183.78
4498,22221.74
4499,59616.85
4500,57993.98
4501,7400.76
4502,6485.76
4503,8190.38
4504,3978.28
4505,11226.51
4506,55655.38
4507,5808.46
4508,5572.76
4509,57120.23
4510,52191.59
4511,4838.75
4512,5942.94
4513,6391.77
4514,5030.23
4515,26734.68
4516,5980.02
4517,63857.83
4518,4773.9
4519,6700.87
4520,6245.74
4521,14993.62
4522,6314.32
4523,5582.31
4524,10918.54
4525,5752.52
4526,5196.52
4527,5004.84
4528,15045.27
4529,3964.67
4530,2126.59
4531,4355.68
4532,13220.67
4533,53776.36
4534,8813.72
4535,54993.77
4536,58560.44
4537,4360.16
4538,4433.04
4539,5249.89
4540,6758.37
4541,7151.08
4542,11595.22
4543,53058.58
4544,28032.27
4545,6805.43
4546,44144.0
4547,54608.0
4548,63884.03
4549,4971.47
4550,5329.92
4551,3780.89
4552,6522.7
4553,12626.88
4554,24320.89
4555,8901.31
4556,51339.16
4557,12561.94
4558,13504.09
4559,41095.65
4560,67226.37
4561,7362.42
4562,5074.53
4563,7324.35
4564,3756.93
4565,39849.76
4566,6065.44
4567,11483.87
4568,4808.0
4569,4343.97
4570,4041.24
4571,6038.26
4572,6430.95
4573,7071.32
4574,2487.43
4575,6503.41
4576,4922.09
4577,6026.33
4578,6197.58
4579,2008.84
4580,9020.97
4581,4756.71
4582,52087.86
4583,4340.2
4584,52444.03
4585,3155.72
4586,3395.46
4587,10167.83
4588,56381.8
4589,4096.67
4590,49725.0
4591,11186.82
4592,12152.93
4593,3153.2
4594,37381.74
4595,4014.46
4596,5940.06
4597,8097.03
4598,4198.17
4599,2483.34
4600,6357.17
4601,45890.87
4602,16086.47
4603,55779.73
4604,7310.86
4605,39908.26
4606,7631.09
4607,3203.26
4608,7854.69
4609,4168.82
4610,6722.58
4611,46358.32
4612,75006.48
4613,3999.59
4614,1759.14
4615,56588.0
4616,2271.24
4617,2994.41
4618,4149.96
4619,44907.37
4620,2654.18
4621,9245.25
4622,2781.96
4623,1954.31
4624,9262.71
4625,14632.97
4626,9270.15
4627,38862.14
4628,3409.3
4629,6420.88
4630,9820.29
4631,5693.47
4632,8371.8
4633,70843.38
4634,51036.34
4635,7279.55
4636,53238.37
4637,10748.22
4638,13087.41
4639,39466.02
4640,4187.35
4641,5441.0
4642,8041.21
4643,51387.26
4644,11726.12
4645,3938.32
4646,9676.34
4647,52287.0
4648,2824.29
4649,64854.77
4650,54955.33
4651,13563.13
4652,4203.39
4653,12637.36
4654,48460.47
4655,11517.28
4656,58323.91
4657,65998.51
4658,11151.16
4659,4729.51
4660,56651.65
4661,5228.34
4662,68553.47
4663,16097.08
4664,60211.8
4665,53261.85
4666,4797.86
4667,6982.53
4668,16526.73
4669,5650.65
4670,11808.27
4671,60008.13
4672,9872.43
4673,56766.07
4674,5688.36
4675,55160.83
4676,3905.94
4677,56157.84
4678,42390.46
4679,70837.8
4680,6640.13
4681,5119.33
4682,22856.14
4683,15739.04
4684,58876.2
4685,50511.96
4686,6534.87
4687,44144.0
4688,5823.53
4689,66012.17
4690,10852.24
4691,14219.55
4692,6359.21
4693,54465.34
4694,6572.13
4695,59171.29
4696,6432.0
4697,50516.46
4698,21057.58
4699,23089.02
4700,61616.41
4701,7363.53
4702,6271.27
4703,4341.6
4704,13361.31
4705,8989.81
4706,6475.74
4707,5225.9
4708,2124.0
4709,55831.68
4710,2793.29
4711,5844.19
4712,6676.57
4713,13560.18
4714,6305.72
4715,38099.0
4716,7155.7
4717,3808.46
4718,29439.79
4719,32136.19
4720,52735.25
4721,41021.41
4722,14836.19
4723,31245.38
4724,32479.7
4725,5774.36
4726,5845.5
4727,6479.85
4728,45883.0
4729,4656.65
4730,50978.53
4731,9118.02
4732,70539.81
4733,52063.0
4734,6825.62
4735,54107.55
4736,5439.21
4737,5911.21
4738,42229.59
4739,4695.59
4740,8526.35
4741,46255.24
4742,2795.4
4743,2445.16
4744,4886.36
4745,10039.82
4746,4720.19
4747,51697.0
4748,53836.21
4749,46772.31
4750,10283.03
4751,77852.2
4752,12359.09
4753,6857.28
4754,64630.17
4755,8543.04
4756,3889.35
4757,7746.22
4758,7732.69
4759,2203.0
4760,70299.4
4761,5607.79
4762,42884.13
4763,8320.78
4764,4736.66
4765,10781.63
4766,61125.25
4767,63333.62
4768,58563.81
4769,8105.08
4770,12236.75
4771,4497.7
4772,2657.26
4773,9515.4
4774,53308.04
4775,4373.35
4776,4716.31
4777,51776.52
4778,69326.43
4779,42501.11
4780,3946.35
4781,51706.13
4782,6052.93
4783,41429.88
4784,41058.04
4785,34505.36
4786,5264.58
4787,4685.65
4788,44692.78
4789,7172.33
4790,41425.93
4791,57876.84
4792,8563.1
4793,51738.65
4794,6350.93
4795,83644.46
4796,23809.24
4797,44478.59
4798,9151.6
4799,5053.6
4800,4738.91
4801,3028.6
4802,4276.2
4803,6912.35
4804,6121.56
4805,46426.07
4806,6418.42
4807,4379.17
4808,3051.65
4809,3574.34
4810,5503.89
4811,9766.99
4812,46910.19
4813,6096.43
4814,2902.55
4815,17832.91
4816,7795.93
4817,2894.51
4818,3894.4
4819,3396.01
4820,2961.08
4821,44200.96
4822,65401.41
4823,5048.86
4824,10470.28
4825,7794.85
4826,50910.6
4827,6278.09
4828,4883.2
4829,6106.99
4830,5769.54
4831,7037.31
4832,5786.74
4833,40340.75
4834,6069.65
4835,5990.77
4836,23433.44
4837,53108.81
4838,5095.58
4839,6449.36
4840,61492.96
4841,48932.38
4842,5646.07
4843,51561.31
4844,17889.13
4845,52691.84
4846,5423.72
4847,5722.1
4848,2901.63
4849,44448.52
4850,2967.43
4851,3013.83
4852,6359.27
4853,10020.37
4854,15805.89
4855,4771.53
4856,4045.73
4857,6628.65
4858,5449.13
4859,4239.28
4860,54465.22
4861,7578.74
4862,6265.2
4863,11108.18
4864,42061.85
4865,4119.11
4866,5123.45
4867,2978.22
4868,4663.64
4869,5553.14
4870,7049.7
4871,52679.5
4872,6286.48
4873,9918.58
4874,45917.44
4875,56679.74
4876,5505.14
4877,6217.25
4878,2637.32
4879,41559.26
4880,6793.26
4881,14260.13
4882,37985.0
4883,9927.76
4884,51941.32
4885,60277.96
4886,3424.73
4887,2351.52
4888,8150.84
4889,3146.67
4890,1801.39
4891,56476.0
4892,6176.21
4893,15724.36
4894,7827.19
4895,5933.51
4896,7120.73
4897,12149.77
4898,3649.03
4899,42233.78
4900,5399.11
4901,5873.03
4902,9260.07
4903,6345.69
4904,32871.69
4905,4908.7
4906,65602.41
4907,4406.88
4908,62443.99
4909,2215.98
4910,4690.46
4911,4718.68
4912,6262.62
4913,7493.33
4914,6033.49
4915,62548.02
4916,2466.31
4917,48767.16
4918,49515.23
4919,7711.03
4920,2621.08
4921,73177.12
4922,6377.63
4923,71134.8
4924,5980.13
4925,7733.77
4926,33576.14
4927,11525.36
4928,5542.93
4929,5989.17
4930,55476.71
4931,50910.6
4932,4924.32
4933,4519.14
4934,14360.05
4935,7565.08
4936,5408.07
4937,6038.4
4938,5797.82
4939,45829.24
4940,6218.61
4941,4419.28
4942,5483.08
4943,6119.67
4944,57063.84
4945,56278.36
4946,5068.17
4947,32786.45
4948,8498.17
4949,4265.23
4950,4357.62
4951,37985.0
4952,4056.1
4953,49536.89
4954,2471.77
4955,4145.83
4956,5239.63
4957,4153.72
4958,4725.34
4959,7235.71
4960,4463.43
4961,6049.31
4962,13248.5
4963,4863.19
4964,11743.97
4965,4557.78
4966,56476.0
4967,64621.38
4968,4043.01
4969,2965.07
4970,12426.9
4971,4445.57
4972,4056.12
4973,13086.48
4974,7684.73
4975,6954.78
4976,50381.39
4977,7062.74
4978,3722.03
4979,5556.46
4980,46175.72
4981,7899.78
4982,4042.62
4983,13375.0
4984,2945.9
4985,6550.06
4986,5955.16
4987,3715.1
4988,6400.95
4989,49553.0
4990,27864.0
4991,17604.0
4992,54684.0
4993,7943.43
4994,10023.81
4995,6012.1
4996,60397.9
4997,4517.32
4998,50256.64
4999,49522.5
5000,67185.48
